

Sayı : 789
3237
TURİZM 
ENDÜSTRİSİ 
TEŞVİK 
YASASI 
(16/1987, 
67/1988, 
9/2008 
ve 
31/2012 
Sayılı 
Yasalar) 
Madde 
19 
Altında 
Yapılan 
Tüzük 
Kuzey 
Kıbns 
Türk 
Cumhuriyeti 
Bakanlar 
Kurulu, 
Turizm 
Endüstrisi 
Teşvik 
Yasası'nın 
19'uncu 
maddesinin 
(2)'nci 
fıkrasının 
kendisine 
verdiği 
yetkiye 
dayanarak 
aşağıdaki 
Tüzüğü 
yapar: 
Kısa 
İsim 
24.4.2008 
R.G. 
73 
EKIII 
A.E.332 
19
.2.2010 
R.G. 
31 
EKIII 
A.E. 
114 
24.07.2014 
R.G. 
160 
EKIII 
A.E. 
475 
02.01.2020 
R .
G.1 
EK.III 
A.E. 
3 
1. 
Bu 
Tüzük, 
Yuıi 
Dışı 
Tuı-izm 
Ofislerindeki 
Personelin 
Görev 
ve 
Yetkileri 
(Değişiklik) 
Tüzüğü 
olarak 
isimlendirilir 
ve 
aşağıda 
"Esas 
Tüzük" 
olarak 
anılan 
Yurt 
Dışı 
Turizm 
Ofislerindeki 
Personelin 
Görev 
ve 
Yetkileri 
Tüzüğü 
ile 
birlikte 
okunur. 
Esas 
Tüzüğün 
2. 
4'üncü 
· 
Maddesinin 
Değiştirilmesi 
Esas 
Tüzük, 
4'üncü 
maddesinin 
(3)'üncü 
fıkrasına 
bağlı 
Cetvel 
kaldırılmak 
ve 
yerine 
bu 
Tüzüğe 
ekli 
yeni 
Cetvel 
konmak 
suretiyle 
değiştirilir. 
Yürürlüğe 
Giriş 
3. 
Bu 
Tüzük, 
Resmi 
Gazete'de 
yayımlandığı 
tarihten 
başlayarak 
yürürlüğe 
girer. 

3238
CETVEL 
(Madde 
4) 
YURTDIŞI 
TURİZM 
OFİSLERİNDE 
GÖREVLENDİRİLECEK 
PERSONELİN 
MAAŞLARI 
MEVKİ 
KOORDİNATÖR 
TANITMA 
MEMURU 
MUHASEBE 
MEMURU 
ÜNİVERSİTE 
MUHASEBE 
MEMURU 
LİSE 
TÜRKİY
E 
İNGİLTERE 
ALMANYA 
KlRGIZİSTAN 
ÇİN 
KATSAYI 
YIL 
NET 
BRÜT 
BRÜT 
BRÜT 
BRÜT 
% 
100 
99 
98 
97 
96 
95 
94 
93 
78 
75 
100 
99 
98 
97 
96 
95 
94 
93 
75 
75 
100 
98 
96 
94 
92 
91 
89 
88 
87 
83 
20 
18 
16 
14 
12 
11 
9 
5 
3 
l 
20 
18 
16 
14 
12 
11 
9 
5 
3 
20 
18 
16 
14 
12 
11 
9 
5 
3 
1 
EURO 
STG 
EURO 
DOLAR 
DOLAR 
2,000 
3,880 
4, 130 
4,200 
4,200 
1,980 
3,840 
4,090 
4,160 
4,160 
1,960 
3,800 
4,050 
4,120 
4,120 
1,940 
3,760 
4,010 
4,070 
4,070 
1,920 
3,720 
3,960 
4,030 
4,030 
1,900 
3,690 
3,920 
3
,9
90 
3,990 
1,880 
1,860 
1,560 
1,500 
1, 100 
1,090 
1,080 
1,070 
1,060 
1,050 
1,030 
1,020 
860 
830 
900 
880 
860 
850 
830 
820 
800 
790 
780 
750 
3,650 
3,610 
3,030 
2,910 
3,510 
3,470 
3,440 
3,400 
3,370 
3,330 
3,300 
3,260 
2,740 
2,630 
1,950 
1,910 
1,870 
1,830 
1,790 
1,770 
1,740 
1,720 
1,700 
1,620 
3,88
0 
3,840 
3,220 
3, 100 
3,740 
3,700 
3,670 
3,630 
3,590 
3,550 
3,520 
3,480 
2,920 
2
,8
10 
1,450 
1,420 
1,390 
1,360 
1,330 
1,320 
1,290 
1,280 
1,260 
1,200 
3,950 
3,900 
3,280 
3, 150 
2,500 
2,480 
2,450 
2,430 
2,400 
2,380 
2,350 
2,330 
1,9 50 
1,88
0 
420 
410 
400 
390 
390 
380 
370 
370 
370 
350 
3,950 
3,900 
3,280 
3, 150 
2,500 
2,480 
2,450 
2,430 
2,400 
2,380 
2,350 
2,330 
1,9 50 
1,880 
420 
410 
400 
390 
390 
380 
370 
370 
370 
350 

3239
YURTDIŞI 
TURİZM 
OFİSLEIUNDE 
GÖREVLENDİRİLECEK 
PERSONELİN 
MAAŞLARI 
MACARİSTAN 
DANİMARKA 
İTALYA 
AZERBAYCAN 
MEVKİ 
KATSA 
YIL 
BRÜT 
BRÜT 
BRÜT 
BRÜT 
YI% 
EURO 
EURO 
EURO 
DOLAR 
100 
20 
4,130 
4,130 
4,130 
4,200 
99 
18 
4,090 
4,090 
4,090 
4,160 
98 
16 
4,050 
4,050 
4,050 
4,120 
KOORDİNAT 
97 
14 
4,010 
4,010 
4,010 
4,070 
ÖR 
96 
3,960 
3,960 
3,960 
4,030 
95 
12 
3,920 
3,920 
3,920 
3,990 
11 
94 
9 
3,880 
3,880 
3,880 
3,950 
93 
5 
3,840 
3,840 
3,840 
3,900 
78 
3 
3,220 
3,220 
3,220 
3,280 
75 
1 
3, 100 
3,100 
3, 100 
3,150 
100 
20 
3,740 
3
,7
40 
3,740 
2,500 
99 
18 
3,700 
3,700 
3,700 
2,480 
TANITMA 
16 
MEMURU 
98 
3,670 
3,670 
3,670 
2,450 
14 
MUHASEBE 
97 
12 
3,630 
3,630 
3,630 
2,430 
MEMURU 
96 
3,590 
3,590 
3,590 
2,400 
ÜNİVERSİTE 
95 
il 
3,550 
3,550 
3,550 
2,380 
94 
9 
3,520 
3,520 
3,520 
2,350 
93 
5 
3,480 
3,480 
3,480 
2,330 
75 
3 
2,920 
2,920 
2,920 
1
,9
50 
75 
1 
2,810 
2,810 
2
,8
10 
1,88
0 
100 
20 
1,450 
1,450 
1,450 
420 
98 
18 
1,420 
1,420 
1,420 
410 
MUHASEBE 
96 
1,390 
1,390 
1,390 
400 
MEMURU 
94 
16 
1,360 
1,360 
1,360 
390 
LİSE 
14 
92 
1,330 
1,330 
1,330 
390 
91 
12 
1,320 
1,320 
1,320 
380 
89 
11 
1,290 
1,290 
1,290 
370 
9 
88 
1,280 
1,280 
1,280 
370 
87 
5 
1,260 
1,260 
1,260 
370 
3 
83 
1 
1,200 
1,200 
1,200 
350 

3240
YURTDIŞI 
TURİZM 
OFİSLERİNDE 
GÖREVLENDİRİLECEK 
PERSONELİ
N 
MAAŞLARI 
İSVEÇ 
NORVEÇ 
FİNLANDİYA 
M
EVKİ 
KATSA 
YIL 
BRÜT 
BRÜT 
BRÜT 
YI¾ 
EURO 
EURO 
EURO 
100 
99 
98 
KOORDİNAT 
97 
ÖR 
96 
95 
TANITMA 
94 
93 
78 
75 
100 
99 
MEMURU 
98 
MUHASEBE 
97 
MEMURU 
96 
ÜNİVERSİTE 
95 
94 
93 
75 
75 
100 
98 
MUHASEBE 
96 
MEMURU 
94 
LİSE 
92 
91 
89 
88 
87 
83 
20 
18 
16 
14 
12 
11 
9 
5 
3 
1 
20 
18 
16 
14 
12 
il 
9 
5 
3 
20 
18 
16 
14 
12 
il 
9 
5 
3 
1 
4, 130 
4,090 
4,050 
4,010 
3,960 
3,920 
3,880 
3,840 
3,220 
3,100 
3,740 
3,700 
3,670 
3,630 
3,590 
3,550 
3,520 
3,480 
2,920 
2,810 
1,450 
1,420 
1,390 
1,360 
1,330 
1,320 
1,290 
1,280 
1,260 
1,200 
4,130 
4,090 
4,050 
4,010 
3,960 
3,920 
3,880 
3,840 
3,220 
3,100 
3,740 
3,700 
3,670 
3,630 
3,590 
3,550 
3,520 
3,480 
2,920 
2,810 
1,450 
1,420 
1,390 
1,360 
1,330 
1,320 
1,290 
1,280 
1,260 
1,200 
4,130 
4,090 
4,050 
4,010 
3,960 
3,920 
3,880 
3,840 
3,220 
3,100 
3,740 
3,700 
3,670 
3,630 
3,590 
3,550 
3,520 
3,480 
2,920 
2,810 
1,450 
1,420 
1,390 
1,360 
1,330 
1,320 
1,290 
1,280 
1,260 
1,200 

3241
YURTDIŞI TURİZM OFİSLERİNDE GÖREVLENDİRİLECEK PERSONELİN MAAŞLAR! 
TÜRKİYE İNGİLTERE ALMANYA KIRGIZİSTAN ÇİN 
MEVKİ KATSAYI YIL NET BRÜT BRÜT BRÜT BRÜT 
% 
EURO STG EURO DOLAR DOLAR 
100 20 2,000 3,880 4,130 4,200 4,200 
99 18 1,980 3,840 4,090 4, 160 4,160 
98 16 1,960 3,800 4,050 4,120 4,120 
KOORDİNATÖR 97 14 1,940 3,760 4,010 4,070 4,070 
96 1,920 3,720 3,960 4,030 4,030 
95 
12 1,900 3,690 3,920 3,990 3,990 
11 
94 9 1,880 3,650 
3,880 3,950 3,950 
93 5 
1,860 3,610 3,840 3,900 3,900 
78 3 
1,560 3,030 3,220 3,280 3,280 
75 1 
1,500 2,910 3,100 3,150 3,150 
100 
20 1,100 3,510 3,740 2,500 2,500 
99 
18 1,090 3,470 3,700 2,480 2,480 
TANITMA 16 
MEMURU 98 1,080 
3,440 3,670 
2,450 
2,450 
14 
MUHASEBE 97 12 1,070 3,400 3,630 2,430 
2,430 
MEMURU 96 1,060 3,370 3,590 2,400 2,400 
ÜNİVERSİTE 95 11 1,050 3,330 3,550 2,380 2,380 
1,030 
94 9 
3,300 
3,520 
2,350 
2,350 
93 5 
1,020 3,260 
3,480 
2,330 2,330 
860 
75 3 830 2,740 2,920 1,950 1,950 
75 1 
2,630 2,810 1,880 
1,880 
100 
20 900 1,950 1,450 420 420 
98 18 1,910 1,420 410 
410 
MUHASEBE 96 880 1,870 1,390 400 400 
MEMURU 94 16 
1,830 1,360 
390 390 
LİSE 14 860 
92 850 1,790 1,330 390 390 
91 12 1,770 
1,320 
380 380 
830 
89 11 820 1,740 1,290 370 370 
9 800 
88 
790 1,720 1,280 370 370 
87 5 
780 1,700 1,260 370 370 
3 
83 1 
750 
1,620 1,200 
350 
350 